9945:
74830
2065575
978154
744336
1623337
9946:
714960
1308505
2643435
870545
1508373
632345
519386
954315
1652182
1671218
1797252
2204181
833885
168933
1794195
1059411
750881
2116511
1499430
1077269
1347977
2383877
1070445
10703
2096587
1683458
2101803
1915831
2629290
1425913
2300587
2340470
783863
2042003
1416825
1688545
40427
1788403
2086102
2576108
50356
1421145
1264464
2533775
829222
1952841
157197
1621881
2056135
273818
1706227
685671
143520
1557869
1303483
1372628
1471002
612653
1322438
660604
2215606
2494090
1314345
1884374
63260
992790
53781
670945
1459768
258284
2311676
2385814
1469439
289407
1543881
1223046
1140160
30242
1551055
1270630
1235463
367708
205289
1684743
66058
712930
1579904
341462
398869
1963190
1488456
1386253
956561
2002894
731931
2517917
402574
426502
2308150
579607
669100
2261809
1995943
1597381
2466683
1030367
2103150
2410149
401283
1072550
661154
2126736
1625148
2099863
638727
1201038
2407407
2593836
2301334
2320016
525613
1522618
811013
2229200
1160377
1388975
1506931
1645246
2430303
1433698
2383697
1040992
2384335
1260025
458392
2361126
218593
343490
1040108
1627533
2419491
1806711
1327365
1418811
521846
2572639
1158966
1504049
1703184
6339
219028
287915
2011766
803431
1768042
2069857
566595
581259
2479510
1323052
2066778
750197
2551987
665366
1595967
177347
1033196
1569767
2615152
2209885
1450256
2643806
2189960
656723
661305
802013
2298118
1379159
542862
2312469
2043380
1467618
2189871
15955
2596161
845356
2616713
1577888
1160772
312180
2532192
1320923
1591688
899458
2637964
2457588
246920
2185903
2163112
2264744
1711413
1013077
1713422
906865
2571998
446089
2003506
1170579
2282120
579585
492741
2114288
1466901
2428641
1701120
1345922
675262
364848
2159586
505285
152533
931989
2207491
2384566
1484965
2619643
1320835
1296154
1807411
1775332
1170824
2294627
1822398
386313
266744
1693895
519162
464774
59763
1231383
2463009
1781078
9947:
1786694
1163133
776263
1962503
2148104
374061
1237906
615226
9948:
1235794
1764387
1841072
1358763
435662
2638972
2514270
594972
9949:
182770
2435052
951446
196984
349407
567067
221914
17774
2375231
2305600
752521
2607494
175641
2599404
433061
510567
702062
139310
1237753
995:
2568992
2510944
2263143
697835
1073979
714576
9950:
199848
467816
1821073
446356
1125890
1727827
2380458
1382763
789904
816085
2104756
345097
169559
1391882
964479
1576689
1335649
1849265
503538
1646818
300372
1505980
1844815
1583304
966020
1680205
687477
1321443
1176925
352214
412761
165595
1639004
1771827
1656338
422158
513238
898576
2071581
2141800
331101
168953
896075
636256
1145845
1568483
1716055
1203778
2157776
1509852
73144
1680919
30599
1607208
1144069
866725
753138
2335569
1877097
1865686
1891613
2068357
1806990
2584649
985463
1388035
2541013
1442065
1070652
2255340
669857
9951:
2564697
518482
1805131
2449601
842769
396555
9952:
2464121
2185479
1099221
445560
1411238
9953:
1357242
9954:
349508
2504157
741930
1394716
425547
278999
2628907
2011682
1976079
138494
781999
1354457
1941488
402261
28695
180396
2402711
1034543
1820558
1455631
534524
239417
1591056
2063671
997673
2647199
1861710
1702561
451140
1147239
511861
364980
2577906
1737152
1694532
1929441
792921
677039
2395221
708082
376732
1436768
1903221
321530
1361668
517148
77601
1491358
374009
390843
2450525
2024497
1293183
1297651
2495732
1061606
1458674
961599
763279
2201134
1640759
680389
1957733
229051
387477
1732004
823575
68325
486048
1021655
2561600
36469
1014151
2026015
2166524
1756146
814168
130350
9955:
289852
2171261
1934163
1580406
173566
1768277
1321036
9956:
1388963
9957:
1990724
1658868
733228
2257812
970206
9958:
269554
114937
1523340
2346201
1081207
275549
2354382
9959:
726540
1878900
1949726
2415876
2607310
158855
681178
1014928
851866
594460
2100731
215108
460403
1643139
968541
157419
2141290
2271118
2570397
1497710
1413799
556090
2501918
238543
1233221
921378
1368422
1122427
548269
2561844
813742
1045596
1607702
2491110
2095899
1710217
982821
677349
494966
2371114
162689
2295554
1547213
2118510
1447474
1934527
2386181
1944921
1836871
46469
1759176
996:
1648765
2143683
1587420
2383611
2524660
1366597
1827995
162556
564702
845606
2389815
1687612
279313
1476573
2174239
642014
735280
953585
2628352
1749091
969165
852012
396497
2116545
1334821
1467968
1481177
1374762
2179355
2623960
706414
2073410
451151
168962
2565955
1227656
1668715
1733394
1617471
1387844
162079
1851570
2507781
404465
1162965
2401659
416245
1533173
1161753
2294921
2040092
2468183
2310468
1956655
1190938
1877935
2513158
1071769
1207458
600289
2147251
330843
2426365
976642
733084
224139
1244397
478414
1231086
1740500
36956
1021263
2119518
2092973
465856
43841
1609709
795593
1159442
2529368
2074189
2560324
1270144
1433573
718913
1670960
141193
115935
863810
673015
1567476
849993
1895817
1985622
1183508
1030029
2531534
1386334
888992
125672
2456613
1699457
243821
2112569
247549
2068866
1235378
1731860
1915028
1983102
1272243
70384
666012
77341
2455956
1914272
1049350
1811303
384271
1586544
1810578
1967253
1817944
2187085
2450801
2608570
952442
796585
239962
1959789
1905205
1475722
1529152
2509278
601952
702189
1089763
1159861
1441182
2058221
1896638
24316
1058476
922321
1567576
474659
1434643
2266349
771797
803553
672255
272402
2294830
285398
172264
697915
546003
112777
1828251
369109
268060
1944475
959200
1362046
2519892
102786
373431
771138
1042246
1326538
1955132
1386190
1107090
1910712
2037457
791779
1358914
1131416
2349766
2012489
636429
1758871
411495
2177379
1112814
2343726
988115
1559673
581819
1165322
603163
1581482
389437
1180112
152710
2554908
874672
1486688
416133
1517170
2085051
2438156
666840
1454789
42072
938181
2412223
2218448
1573480
266821
2339669
2436768
338591
482763
1437947
421339
2134698
85458
729475
1844868
85915
344888
34756
166982
1262705
445537
1365875
900281
991736
1601271
1830325
2183894
1628405
788699
2542461
228116
2087716
2025369
2100576
2369102
344822
795975
2633630
1660371
1605498
2571494
691021
1826224
1357099
1011092
2382229
1918033
1916472
738658
2237845
962260
67518
353220
857641
306153
2021052
2335800
1638676
583234
1215430
354896
2542332
296061
321495
766547
1089944
2327752
1485
945815
1546617
1972019
407174
9960:
2549056
1789913
1573433
598533
1749158
2485043
821274
800513
1795365
968447
1319336
2545483
2172596
1814570
1511657
2036294
678220
2385153
765461
1773251
2352811
2382438
1040960
163147
500758
2289308
840163
797162
560821
79772
1628738
1609414
885219
1502066
41611
1886139
1512058
211805
253271
585055
384520
1123197
2551647
2321569
2540082
18986
2195032
1350398
651867
248272
379236
71059
2225637
2227381
260234
1888599
145599
90023
593167
1782261
820788
2641735
2004639
1631725
1140709
2494405
708790
1127458
267305
2303437
472463
1712027
414415
761160
1654015
2005138
1241507
2151023
2624387
2256127
1748894
1901127
235211
730659
380765
2160684
1055651
218910
2324500
1740888
185971
355145
2103274
862511
105361
827080
92717
763953
654884
1305371
337412
1292919
639596
379563
1530809
149826
736701
1848865
1266778
1648178
534193
1514935
875170
472830
1263318
530805
172344
2518384
284793
2300027
2185496
589768
1708931
2049285
2345015
481640
906813
2022178
2132764
2112912
2586007
578799
206045
290970
1354920
1434934
1422175
262862
1271784
2507201
243766
2122903
1056494
2336847
1385170
1722534
571869
900069
1890641
603350
1730773
2624154
1443472
864399
408591
1984013
1017586
1790809
1215092
450126
1753307
1162405
1140367
496488
1003754
2585238
878114
2302791
887928
2013639
1674333
249180
2258706
2372703
1337313
2406949
2230593
82316
2407526
48307
1731274
1572776
938173
2506837
663355
327417
203109
2434795
78550
1297634
2328842
2025715
1721113
1089372
1136967
2142901
1246380
1794760
149019
1675620
1563668
1334016
933250
1906492
1949639
1881507
1789920
486071
2325997
522453
1970225
1914748
739974
1025414
207461
1170411
25009
2024878
335015
2328059
757020
443319
2070952
853381
2358537
2379987
884422
450796
1280131
593554
1562919
998503
1771719
1570413
2317802
680162
1144465
1856558
2647190
738064
2248220
2054700
2167100
504105
1046653
112592
1040097
2400035
2430231
852819
42014
2611933
500805
1160082
1528099
976202
279445
1783672
1644385
555962
1119187
850878
1026468
271143
934625
2631911
1852918
9961:
1266665
1734649
426128
2298006
174365
2571850
2538212
116101
1914674
1228200
2344684
2391026
1275836
1243051
1688079
1450376
1891279
1035905
2627656
2345100
2103439
1323891
84400
1875589
762779
1271812
769613
1725015
1754091
1012887
938655
1626720
279234
1121211
1474415
1077540
400116
327400
9962:
1869926
2008087
323269
1570281
9963:
652356
513501
1122399
1828042
663882
1224025
1204018
943314
9964:
2081817
2301497
485943
1990521
711865
606308
33465
509677
1560019
2329805
556059
961678
2590925
212158
959957
1379550
252492
799102
1535820
1312282
414076
68097
1680063
1181573
970978
964018
1820892
2362135
2574195
731341
1281152
2462978
851548
1694440
1303769
82197
883196
77658
386246
526359
9965:
1797166
555018
1155569
2179021
1401267
1845668
2573688
902944
